energy,flat
5759.989,0.0010947933775870323
5769.98,0.0005240085448518998
5780.007,0.00030223866405735075
5790.003,-0.0007025205193023045
5799.965,-8.033304853346444e-05
5810.034,-0.001007892896022196
5820.0,-0.0006186080094294469
5830.002,-0.0009560413600939985
5839.971,-0.0002314976005017543
5849.975,-0.0003996904979377461
5860.016,0.000638237041721486
5870.022,0.0014373063036010154
5879.993,0.0026327427481960897
5890.0,0.0036824208783397703
5899.971,0.0050438458878498075
5909.978,0.006604257801206445
5920.021,0.009030802864444971
5930.026,0.011443442140743134
5939.995,0.014261994895667228
5949.999,0.018040817439585997
5959.965,0.02229891165868981
5969.967,0.026795893850983705
5970.487,0.026999792027219728
5971.006,0.026967445812358288
5971.526,0.02706760123859531
5971.972,0.027671487367358524
5972.492,0.028272800351606182
5973.012,0.02836657149064666
5973.532,0.0291849464447313
5973.978,0.02904667237328078
5974.498,0.02930164391841479
5975.019,0.029826376775352298
5975.464,0.03071752074206172
5975.985,0.03035166138848098
5976.506,0.03146533425989731
5977.026,0.031913427084329635
5977.473,0.03203693399306661
5977.994,0.03210519848050467
5978.515,0.03220378776565207
5979.037,0.03304935525069774
5979.483,0.032836067121154416
5980.005,0.033855603390007205
5980.526,0.03426542106041129
5980.973,0.03479113098662761
5981.495,0.03553774378773835
5982.016,0.035960329882319036
5982.463,0.03619236780582927
5982.986,0.037797681863105
5983.507,0.038285705741219166
5984.03,0.03859024445653025
5984.477,0.03961870805056001
5984.999,0.04048981229461078
5985.521,0.04106884045944687
5985.97,0.041996813227042684
5986.492,0.0432557560115989
5987.015,0.04531913461934321
5987.463,0.045294239485506475
5987.986,0.046506926799311454
5988.509,0.049508779008575775
5989.032,0.052087679564830645
5989.48,0.055176665217292274
5990.003,0.06159085813001586
5990.526,0.07260484823642045
5990.975,0.08738168982302628
5991.499,0.1079001485326274
5992.021,0.12845366021236432
5992.471,0.1441115476702046
5992.995,0.1570998735134185
5993.518,0.16328264009289495
5993.967,0.1640430283147812
5994.492,0.16486474491303868
5995.016,0.16838534107960332
5995.465,0.17652902622983352
5995.989,0.1993409992587319
5996.514,0.2481126486060066
5996.963,0.3190750069789218
5997.488,0.4386583151098983
5998.012,0.5772807954251428
5998.538,0.7045504269019173
5998.987,0.7944444021167016
5999.513,0.884314708791408
6000.037,0.9529873743199762
6000.487,0.9850732251258284
6001.013,0.9904237675434556
6001.462,0.9735789331811774
6001.988,0.9366622184011913
6002.513,0.8927208012399844
6002.964,0.8567719551086017
6003.49,0.824643680414904
6004.016,0.8059265082877247
6004.466,0.8041286339121655
6004.993,0.8184280373314642
6005.518,0.8466300025030055
6005.97,0.8743403933981329
6006.496,0.9053969037160947
6007.022,0.9329991257196274
6007.473,0.9531335308010399
6008.0,0.974692351633318
6008.526,0.9939395940895687
6008.978,1.0086128847705291
6009.504,1.0239856922822055
6010.032,1.0390181977576278
6010.936,1.0663368506066058
6011.839,1.0948463675120452
6012.818,1.1170714139938003
6013.798,1.121401703813457
6014.778,1.112818438384704
6015.758,1.1006488959557301
6016.815,1.090466487184531
6017.796,1.0923453009394768
6018.929,1.09936924521033
6019.986,1.1048050483814364
6021.12,1.106454301347827
6022.177,1.1059905495080047
6023.388,1.1040981282199152
6024.522,1.0977433264187586
6025.733,1.0834689648669824
6026.869,1.065260857593993
6028.157,1.0403332681847237
6029.369,1.022071228321962
6030.582,1.0089317117642138
6031.872,0.9920388333223636
6033.161,0.9670081968959294
6034.528,0.9367568049641467
6035.819,0.9107597979475442
6037.187,0.8932644621949379
6038.555,0.8877890746197425
6040.0,0.8907971157534922
6041.37,0.8971900294422792
6042.816,0.9098347416251971
6044.264,0.9210332202856165
6045.712,0.9295469324667699
6047.237,0.9379289526623551
6048.763,0.9523290481669204
6050.289,0.9707505738580513
6051.816,0.9880526582782955
6053.422,1.0028692896806706
6054.951,1.0135846533124104
6056.557,1.0248738114320946
6058.241,1.0396026284729118
6059.849,1.056386285011511
6061.535,1.0720237388370515
6063.222,1.0816250826708718
6064.91,1.0878317599637894
6066.676,1.0914642894006625
6068.365,1.0909548572999617
6070.133,1.0877574689936513
6071.902,1.0897756012909405
6073.749,1.096718039838683
6075.521,1.096385796463381
6077.369,1.081208901482768
6079.22,1.0562169839026707
6081.149,1.0255597973166513
6083.002,0.9987624030811721
6084.934,0.9777124845588606
6086.866,0.9600720216871866
6088.8,0.9456397621864606
6090.813,0.9344846436576465
6092.827,0.92869991584479
6094.843,0.9284690287044456
6096.859,0.9313837101622539
6098.878,0.9369744478718155
6100.975,0.9440992840567921
6103.075,0.9508495745260156
6105.175,0.9571362166156986
6107.277,0.9636931788400083
6109.459,0.975999134282343
6111.643,0.9948648314204871
6113.827,1.0159891439972948
6116.013,1.0351646623251634
6118.28,1.0494832025791516
6120.47,1.059559280771869
6122.74,1.0657929784763045
6125.011,1.064800843639026
6127.363,1.057989097817987
6129.639,1.0488265698359187
6131.995,1.0376313396966763
6134.352,1.0288050271841265
6136.79,1.0243287971974744
6139.151,1.0208796768425266
6141.594,1.0151961342471787
6144.038,1.007694391855461
6146.484,1.0007252403796671
6148.932,0.9963922412017638
6151.462,0.9936996105840639
6153.994,0.9923656005131352
6156.528,0.9909361904525746
6159.064,0.9901583042096458
6161.603,0.9907275979648593
6164.222,0.9897590876629239
6166.844,0.9902168371851712
6169.47,0.9908301508654112
6172.096,0.9885944716707462
6174.806,0.9796739691233214
6177.517,0.9673337366071111
6180.231,0.958118686406977
6182.948,0.9569749173488553
6185.667,0.9637988799565814
6188.469,0.9746546064244229
6191.273,0.985693378667696
6194.081,0.9954734485232606
6196.891,1.0033871712288682
6199.703,1.008965282743987
6202.599,1.0130530322814433
6205.498,1.0144178448530181
6208.399,1.014930510961539
6211.304,1.0152719629719071
6214.21,1.0157398473209538
6217.202,1.014311725629932
6220.196,1.0125173203152549
6223.193,1.0093635689862752
6226.193,1.0048073343858088
6229.196,0.9993513262958005
6232.284,0.9948088046846739
6235.375,0.9910797577856991
6238.469,0.9876534063764084
6241.565,0.9858036720800476
6244.748,0.9856286221064203
6247.852,0.9848793484853358
6251.041,0.981346716842779
6254.233,0.9753992357599912
6257.429,0.9701679457383441
6260.71,0.9668369992879049
6263.913,0.9656888699187871
6267.202,0.9658236742595763
6270.494,0.9675852730842258
6273.79,0.9725373640060291
6277.172,0.9802080437094991
6280.475,0.9875268227736758
6283.865,0.9956954145524446
6287.258,1.0014420544663116
6290.655,1.0020418424556448
6294.056,1.0006947793378334
6297.544,0.9992656243371094
6300.954,0.9984815271777112
6304.45,0.9997773254905156
6307.95,1.001442526070543
6311.538,1.001856990649796
6315.047,1.0005187413438918
6318.56,0.9975035494017623
6322.161,0.9959332643058909
6325.766,0.9950247242358898
6329.375,0.9929392167644391
6333.073,0.9907776292063266
6336.691,0.989206681735354
6340.397,0.9885165979994077
6344.109,0.9887093545072321
6347.826,0.9904301411849601
6351.546,0.9939113000882496
6355.271,0.995517567176504
6359.085,0.9962174453014514
6362.819,0.9943226493150217
6366.645,0.9909441008914321
6370.473,0.9874145636283402
6374.307,0.9853374586590227
6378.23,0.9840751719571152
6382.075,0.9839370212450977
6386.009,0.9852141324520056
6389.948,0.9866339936747848
6393.893,0.9889492690963877
6397.842,0.9919838394367377
6401.882,0.9943731778484597
6405.843,0.9963709082165269
6409.894,0.9984791876915438
6413.95,1.001266367433074
6418.013,1.0036458158125436
6422.081,1.0043354112308631
6426.153,1.0052142221116607
6430.318,1.006099884937213
6434.402,1.0042941290752514
6438.579,1.0011659067544716
6442.761,0.9993036022046076
6446.949,0.9988692510543853
6451.23,0.9985088472912726
6455.43,0.9972074664725674
6459.723,0.9958923968275148
6463.934,0.9938358999014703
6468.239,0.9931202177746732
6472.55,0.9932926727795199
6476.955,0.992595893167505
6481.278,0.9919165363116846
6485.607,0.9920020407927417
6490.031,0.9917388298732135
6494.461,0.9926858475839075
6498.898,0.9934408948325153
6503.341,0.9951728740749692
6507.79,0.9973709211648425
6512.335,0.9995447041142957
6516.797,1.0005024506359796
6521.355,1.0011566229651503
6525.92,1.0013900055598695
6530.492,1.0026516497919855
6535.069,1.0028202656175496
6539.655,1.003297021466961
6544.247,1.0027594506515647
6548.936,1.0035519865227907
6553.541,1.0037481914965454
6558.244,1.0035402916976666
6562.954,1.0027717339991633
6567.671,1.0026729068703661
6572.395,1.0012725353375023
6577.218,0.9998613644537857
6581.956,0.9992084008843434
6586.792,0.99928113723795
6591.546,1.0002685295380782
6596.397,1.0015785407298818
6601.257,1.002624987913817
6606.125,1.0029824316001608
6611.091,1.0026583387311945
6615.973,1.0033429306546988
6620.955,1.0032545240948785
6625.853,1.0032342287359788
6630.85,1.0031023849583431
6635.855,1.0035861113253899
6640.869,1.004554958431901
6645.891,1.0045924018095556
6650.919,1.005724009600437
6655.957,1.0057478871744372
6661.096,1.0062447902762144
6666.15,1.006907910813367
6671.305,1.007678217266191
6676.469,1.0085555712928844
6681.642,1.0094966527299758
6686.822,1.0106549565532414
6692.011,1.011305182825478
6697.303,1.0120842611879428
6702.509,1.0110316267376227
6707.724,1.0121388294510474
6713.042,1.0127158305558088
6718.369,1.0130517405052735
6723.705,1.0130377941421524
6729.049,1.012390779043242
6734.403,1.0123435708543926
6739.766,1.0116680898998416
6745.137,1.0112797774237556
6750.614,1.0118028109194075
6756.003,1.0101288238367419
6761.498,1.0100806125045523
6766.906,1.0106652265254914
6772.42,1.0101712958284366
6777.943,1.010159740119619
6783.476,1.0100369780007183
6789.018,1.0104854653188795
6794.569,1.010598405738857
6800.228,1.0110227135878458
6805.799,1.0119080558511384
6811.477,1.0110383970563173
6817.067,1.0108576746019111
6822.765,1.0105814462854443
6828.473,1.010550787630512
6834.19,1.0109582340779328
6839.918,1.010710839919843
6845.656,1.0100266670065168
6851.405,1.0100883822026514
6857.163,1.0092129077065173
6863.031,1.0088116271493488
6868.81,1.0078739208648024
6874.698,1.0073981070619387
6880.498,1.0066794857598502
6886.407,1.006180876580487
6892.327,1.0057857625593416
6898.258,1.005385294685597
6904.2,1.0045514146461159
6910.152,1.0038166983843084
6916.115,1.0032735993109279
6922.089,1.0029058365788264
6928.175,1.0020263887372867
6934.171,1.0012364602203923
6940.279,1.0006456420523608
6946.296,1.0002461095720612
6952.428,0.9996204537862328
6958.569,0.9991866925523185
6964.62,0.9983845609875643
6970.785,0.9973201953223174
6976.96,0.9967213880354222
6983.147,0.9960437156446993
6989.347,0.9955071238565494
6995.661,0.9948698893407328
7001.882,0.9942013041216813
7008.116,0.9938722208082627
7014.465,0.9931829629679572
7020.722,0.9926655901254933
7027.096,0.9916654929480773
7033.376,0.9912760091772479
7039.774,0.9909004505618948
7046.183,0.9899454949787501
7052.604,0.9893364546476593
7059.039,0.9885700813386415
7065.484,0.9875009734389357
7071.942,0.9863280812649349
7078.413,0.9850829156251393
7084.896,0.9840668190013937
7091.391,0.9828053865431925
7097.899,0.9818934393582728
7104.526,0.9803476598404781
7111.059,0.9790216125798954
